# Blue Julia square

xmin = -0.74364388703715922 - 0.000000000051299 / 3 * 0.008
xmax = -0.74364388703715922 + 0.000000000051299 / 3 * 0.008
ymin = 0.13182590420531265 - 0.000000000051299 / 3 * 0.008
ymax = 0.13182590420531265 + 0.000000000051299 / 3 * 0.008

width = 1000
height = 1000

max_iterations = 250000

red(i)   = atan(i / 21000) / (PI / 2)
green(i) = atan(i / 14000) / (PI / 2)
blue(i)  = atan(i /  7000) / (PI / 2)

contrast = 0.445313
brightness = 0.476563

